11111111111111000000011000000000000000000000000000
11111111111111111111101110000001000000000000000000
11110101111111111011111110000000000000000000000000
11111111111111111111111110000000000000000000000000
11111111111111111111111110000000000000000001000000
11110111111111111111111110000000000000000000000000
11111111111111111111111110000000000010110000100000
11111111111111111110111110001001000000000100000000
11111111111111111111111110000000000000000000000000
11111111111111111111111110000000000000110000100000
11111111111111111111111110000000000000000000000000
11111111111111111111111100000000000000000000000000
11111111111111111111111110000000000000000000000100
11111111110111111111111110000000000000000000000000
11111111111111111111111110000000000000000000000000
11111111111111111111111110000000000000000000000100
10110101111111111011111110000000000000000000000000
11111111111111111111111110000000000000100000000000
11111111111111111111111110000000000000000000000000
11111111111111111111111110000000000000000000000000
11111111111111111111110110000000010000000000000000
11111111110111111111111110000000000000000000000000
11111111111111111111111110000000001000000000000000
11111111111111111111111110001000000000000000000000
11111111111111111110111110000000000000000000000001
11111111111111111111111110000000000000000000000000
11111111111111111111110110000000000001000000000000
11111111111111111111111110000000000000000000000000
11111000000000000100110000000000000000000000000000
11110101111111111010011000000010000000000000000000
11111111111111111111111110000000000000001000000000
11111111111111111111111110000000000000000010000000
11111111111011111111111110000000000000000010000000
11111011111111111111111110000000000000000000000000
11111111111111111111101110000000000000001000000100
11111111111111111111111110000000000000000000000000
11111111111111111111111110000000000000000000000000
11111111111110111111111110000000000000000000000000
11111111111111111111111110000000000100000000000100
11111111111111111111110110000000000000000000000100
00001000100000111111111110000010000100000001000000
11111111111111111111110110000000001000000100000000
11111111111111111111111110000000001000100000000000
11111011111111110111111110000000000000000000000100
11111111111111111111111110000000000100000000000000
11111101111111111011111110000000000000000000000000
11111111111111111111111110000000000000000000000000
11111111111111111111111110000001000000000000000000
11111111111111111111111110000000000000100010100000
11111111111111111111111110000000000000000010000000
11111111111111111111110110000000000000000000000000
11111111111111111111111110000000000000000000000000
11111111111111111110111110000000000000000000000000
11111111111111111111111110000000000000001000000000
11111011111111111111111110000000000000000000000000
11111111111111111111111110000000000100000000000100
11111111111101111111111110000000000000000000000000
11111111111111111111111110000001000000000100000000
11111011111111111111111110000001000000000000000000
11111111111111111111111110000000000000000000000000
11111111111011111111111110000000000000000000000000
11111111111111111111110110000000000000000000000100
11111111111111111111111110000000000000000000000000
11111111111111111110111110000001000000000000010000
11110111111111111111111110000000000000000000000000
11111111111110111111111110010000000000000000000000
11111111111111111111111110000000000000000000000000
11111111101111111111110110000000000000000000000000
11111000000000000000110000000000000000100000000000
00001000100000000001111110000000010000000000000000
11111111111111111111111110000000000000000000000100
11111111111111111111111110000000000000000000000000
11111101111111111111110110100000000000000000000000
11111111111111111111110011000000000000000000000000
11111111111111111111111110000000000000000000000000
11111011111111111111111110000000000000000000000000
11111111111111111111111110000000000000000000000000
11111111111111111111111110000000000000000000000000
11111111111111111111111110000000000100000000000100
11111111111111111111111110000000000001000000000000
11111111111111111111111110000000000000000000000000
11111111111111111111111110000000000000000000000000
11111111111111111111111110000000000000000000000000
11111000000000000000110000000000000000000000000000
11111111111111111111111110000000000000000000000000
11111111111111111111111110000000000000000000000000
11111111111111111111111110000000000000000000000000
11111111111111111111111110000000000000000000000000
00000000000000100000110000000000010000000000000000
00001100010000000000111110000000000000000000000000
11111000000000000000110000000000000000000000000000
11111000000000000000110000000000000000000000000000
11111000000000000000110000000000000000000000000000
10000000000000100000110000000000000000000000000000
00001000000100000000110000000000000000000000100000
00001000000100000000110000000000000000000000100000
00000000000000000000110110000000000000000000000000
00001000100000000000011000000010000000000000000000
00001000100000000000011000000010000000000000000000
00000000000000100000110000000000010000000000000000
