01100101001111111010100111011000011011010110010111
10000010111101001000100010001110011100110110100110
10101111010110110000011011011111011010001000110010
10100101111100010000001110101110010000001110100001
01010011010110100001001010111001010110010101101010
00001010011001110011000100010000100101101010111000
01011001001100011111001110000110010110011011101100
10001101011101010001010010110001100001101001110000
11010100100000011001111100110101100011001000110110
11001101101010010101110011101001010001111111000010
01110010001111101001000100101110001000101000100111
10101111111000100011100000111001000110111101011111
11101101111010110000000010001010000100111110100111
01011111000100111110111011101110110101011111001100
11000101001111111001011010100110110110111110101000
10011010010111011000110111000111000101100011001000
00111110010110110011010110111000001110010110000011
11100100111101111100000011111101001100000111111001
00010100001001101101110001100111010100011010001010
00101101100010111010000000010111111110010100111011
11110111110100110000001110001000100110011100100110
10110101001101101100101100100111110111101010001100
00100001101000001110000011111101111010111011001111
01010101001011100011110000000011100001100001111111
10111111011101001110111101010011111000001110111001
00011001110101000010001111110111010010010100110110
10111100011011101100001110101001011110101001011111
00010000000000100011100011111110010010110111011100
10000001000101111010111101110100010001011110001110
00001010011000101010110010000000000100010000001101
10001010110010010000110010000100101000110001011100
01110011110001101111001100110100101010101000101111
01100101001011001101001011110011010101001001000111
00010011101101101111110111001110010100101110010001
00101111000011111001011111110011111110000100011011
11101001110001111000000010000100011000011100001001
00000000010110100000010111011101100010010011110110
00000101111010100101001100011000011010000011011110
11100000010101010001011000000100110001100010000100
11001011101101110010111010100111011110011001101100
10001000110001100110011100111010011110100111010111
00011011001101111100010010000010010111001010011110
11001010000111101111111110010011100110101111000111
00111001101001110111011101001010111000010000110110
00000101001110000100100001110110101100010100111000
11010111010101001101000000000110011111100001110001
00111000010010000011000111000001011101000011100101
11100000101110100000010011101100100111110010011001
01110101001011001000010101001001000111100000111110
11001011000001000100100000100011000000100011001101
10100001000111011101000000010111101100100110101100
10001011011010001101111010001100010100100010001110
10111110111101011011100111101011110001010000001110
11101100100100010101111011111000011001111110100000
11010010110011100110110011001011100010000011000101
00111111000000010101100110110001111000011011011110
10100100101001001101110111011011010111010110001000
00001011100111000010011001111100100010000101011110
11111111000000001110010100100101001011101110101011
01100100101010110011101100010010111111100101110001
11111010110101001011000001010110100110000001011101
10101010000000111100000111010001000000000010110000
00001010101101001101110101111100101010000001111110
10010111110100001011110011100000101110010110100110
11100111001001100010101111101110101101100011111000
01000000100011111101001001001101100000000000010111
10100000011010011000001101000111010010111001111001
01011001011101011000100111111011111011010110010101
11010001100100101100111011011001000101111000110110
00001110100110011011011100110110100001010101110000
01000111001100010111101000000000010000111101010101
01110010000001100010111011111011001001110011000101
01011001111110100000100011101101011010011110111111
00011011001011101000001010011110011001100100010001
00011101010110100010111101010111010001110010010111
11100011010111001110001000111000011100100001101000
11100100110010000111001011011010110101111010101010
10000100001101111101001011100010100000011100111001
11101111010101100101110011101110110110111011010010
00101111001110011011010001111000111000001100100111
01001101000110000001001000001011000011000110000000
00110011010011101010011100110110111101111000111010
01000001100001000000111011001001111110111100000110
01110010000010110011001000010010010100010010101010
11000111010101110010011110010001100010100010000010
00100000100001110101111001011101000111100100110100
01001111111100101010100010100100111010110000010010
11100110110101110011100101000110010100010100110001
00010100000101000010111001001110101111000010100011
10011010010011001111010010101100100010100010010000
11110001010101110010111110000100110101111111011111
00011001110000101100100111000001011100101001101011
11010000100011100111111000001000000110111010001000
01000001001100010010010110111000101110010011110000
10111001100110011100111000010111101000010000101010
00110110011100001000010100010011011010010110001001
11011101010011101011111100011000001100111000111001
11000111010111110011010101001101000011001100001111
01110101111101100011111100010001110111001011010100
00100000110110100001101111101111000011111111101110
